9086
3804
323
6640
1023
6531
1139
5998
9052
859
8407
3566
1698
264
1678
1587
9113
3778
125
430
5967
1220
7682
3981
2654
3154
1889
9285
3033
9826
876
6076
6136
397
4620
7769
6305
4320
3841
9195
6486
1983
9626
9743
7558
8394
5354
9569
4922
3131
8132
7137
9501
554
6566
2593
9011
5296
9479
6577
6935
5068
630
8600
9033
7922
6587
2626
2569
1029
8994
4290
1455
2653
4366
5119
4910
2458
196
1949
4689
8746
9619
3987
7630
210
3432
2886
581
4034
5537
8098
8950
7246
6386
9419
8428
8823
8641
2522
7835
275
3579
4627
7465
1242
5116
2119
65
477
6697
9856
8782
9137
3311
724
8678
5390
3327
1240
4673
2792
7859
6394
6122
9745
4669
1344
7968
5863
3611
7615
7381
6378
3695
1737
6143
1894
6454
7567
5345
5690
8042
2512
5206
5950
7946
5751
8559
1560
2382
428
9514
3301
7903
2764
2530
3379
7169
1920
4487
751
6563
4649
3777
820
4312
727
4832
6502
5030
4681
8227
6568
2821
10000
4675
3863
6089
8352
4382
4360
3649
2036
8530
5925
855
7394
3960
5253
3444
4977
1469
5776
8524
6936
7801
799
7285
6094
5648
4260
792
8419
903
3784
4995
7004
8680
5952
2756
7808
2763
3112
6491
6969
5761
4330
8433
4148
8523
5560
8019
7956
1917
9156
456
44
1279
4299
6271
6586
9119
8506
4980
7754
1624
972
7726
8335
5946
5533
831
9977
5122
5854
6904
8491
4109
414
3308
4941
8532
8075
6228
387
8583
604
9466
1607
3273
8854
3409
2292
6814
9954
4400
1421
3719
26
2219
772
3335
1486
4790
6037
8008
2595
170
7695
5218
5709
3658
8194
1911
4552
3701
6565
8511
8205
5923
8848
4210
177
2154
9160
861
4063
3166
1814
7507
5867
8361
559
6862
1873
5743
2309
1419
5259
1507
7824
3511
1318
8390
992
7856
1411
8262
7454
2823
1532
2813
4924
4779
93
8898
8167
8616
8503
8805
7660
7502
9302
2887
8840
2682
3580
2980
4012
4932
6395
2348
7663
23
2947
8074
3492
3393
4486
4705
309
4116
7154
2854
4465
5857
6073
3380
5755
1707
9768
4242
5275
622
5821
9014
9454
1021
1863
1284
4993
493
5494
8104
2082
7712
8841
2177
2761
3608
8758
8623
6013
6494
6861
5347
2594
8581
5062
1375
3070
8439
1766
242
1663
4208
3982
9971
7295
8085
4997
2720
369
6668
2688
5555
441
5547
8687
3043
4517
1670
6612
8486
1342
679
7009
2778
3600
866
225
9862
5260
7235
3793
4301
810
6919
2705
7830
5754
8386
6456
326
8887
9607
3472
6019
2278
2862
7993
6402
3084
9545
2650
9373
874
6674
5496
5209
9911
8243
6810
8926
4111
6554
4724
9184
3612
4156
3673
8588
6811
4983
9281
2162
9422
413
6225
461
370
2973
610
6210
7323
9065
5214
1304
8971
4528
2502
6888
112
8780
7936
8674
5340
3123
6105
1589
7743
817
5215
7850
1669
4214
2976
4651
247
9666
834
882
8784
8718
4197
4455
5685
2321
3939
8411
9555
2497
640
8105
2241
7138
9081
6197
5028
6745
2398
4146
4518
153
7646
2479
3388
291
142
5415
5550
486
996
8295
7493
6916
6316
1550
976
174
2187
2354
2186
5996
7370
6609
4531
6664
4960
9585
9102
8996
9249
1807
4636
4324
3771
72
860
6100
616
2515
5986
3605
2648
6920
2294
7908
1221
6751
3521
4364
1231
3885
625
7200
8945
8679
9511
6662
9801
1269
4393
132
9189
8736
7382
3536
1348
5406
9204
597
4370
4619
1169
3274
9904
4405
7911
2246
7849
6095
2280
376
8885
5633
2996
2589
8269
423
5470
1937
8963
830
7860
948
6809
3732
921
4603
7069
113
9896
7205
7500
4928
6868
4314
3042
3706
6277
7433
4792
9473
1275
4758
683
5476
5518
5010
9846
788
3488
5185
6416
5501
6085
5356
4341
4555
7151
6943
2755
647
3926
4140
1057
4767
8334
5852
4690
3635
6673
2732
5017
8631
6876
8548
3319
7252
7413
6281
4325
2086
3032
6570
9200
3098
2136
4222
4670
555
7266
1692
7424
2383
3584
7632
7906
8706
6461
1713
8296
5507
7802
2800
2200
1901
6190
2409
7519
2859
9040
1508
8953
8498
5572
3928
9084
3638
893
4293
811
5558
9574
615
77
1480
2939
9809
1522
7668
9485
7317
4317
7425
3837
5901
7697
1352
1145
2827
1570
3911
8604
8266
2077
1823
2629
7432
6140
1749
7110
3102
843
9586
4437
9660
7445
7844
6738
1820
4202
9774
4212
5070
2975
1255
7263
2182
2469
6031
1250
8580
206
8374
3146
8705
1113
1333
8936
5929
5941
8798
1194
3357
4939
7155
4078
9778
7054
492
7594
2282
5959
3195
1210
3618
9867
3181
9643
7942
3197
9800
7520
963
2056
7098
8476
2806
7349
9236
3849
2025
1366
3681
2646
1383
9972
1789
6134
6101
908
3358
3234
5504
292
7652
6432
5608
2224
3583
9330
6593
5811
8444
7010
143
6783
6192
720
8943
4383
5344
6975
7529
1731
3957
128
4243
2231
6911
34
7617
960
222
8261
9542
9508
7160
632
690
4404
1495
1985
2466
1491
8946
1628
1529
8694
2467
6791
9627
1179
8537
2401
5766
1302
2612
4203
3200
5414
6891
8319
9154
46
6419
6832
3322
9296
8910
6813
7951
4182
729
3594
3604
6772
4401
3199
3137
4205
3153
8845
4833
4195
4032
8278
4362
8061
3259
1391
9772
30
6929
3526
1768
2674
684
1007
3135
9962
7022
1228
7441
2213
1895
3040
9138
7528
5860
8408
3867
1603
9004
9055
9873
9513
9041
4540
3060
3419
2601
4933
8268
4106
9960
155
6068
9629
6412
2944
1723
4921
4349
1426
289
6726
6764
2774
5094
5736
118
8760
6956
2314
8715
3147
1989
3714
8560
3080
7614
9347
4193
7825
6804
73
7233
7748
944
7622
7297
3063
4535
6533
9448
6725
8481
6144
3529
3920
4313
3615
5573
3680
4125
7977
9811
5088
4155
3323
7690
1910
1718
8816
52
808
4597
2209
1009
8284
7319
8637
7153
8970
3670
5769
6414
1712
9283
2737
5639
6390
2023
2585
7910
5385
1686
1855
5464
9837
4920
7278
4278
8585
126
3397
2376
4964
8921
3011
8171
5032
7340
5850
8405
7574
7872
2523
6099
5313
886
2600
8939
7987
4668
6723
5802
9970
7401
9271
7058
134
1700
8642
3167
1800
3937
8300
2148
7673
6488
2038
1938
6473
6446
5500
3140
3284
5965
3540
249
4287
4953
7549
7584
5265
5513
6733
464
6540
983
7893
4539
5992
3132
3425
6113
2011
6534
5880
1943
6767
322
8516
3046
804
8233
2423
8879
9078
7037
573
2196
7653
8513
3076
169
1860
349
8967
1796
6747
548
4027
8610
8442
5670
4532
1785
6357
3188
2979
5897
1097
5040
4028
7587
11
2417
4951
5419
6739
8313
6946
6561
1048
2844
6097
577
1859
5454
6598
9369
7664
1051
6154
4093
519
8169
1063
5368
4232
2531
4943
1092
3907
7198
2140
1291
4200
4558
5804
7168
3755
4981
415
4387
3689
7916
5193
4971
9151
3177
8618
7570
9813
4948
8238
6303
6298
9264
1111
150
1726
945
6489
5899
3968
9199
1616
8627
8710
5281
6597
4720
667
9507
8441
399
1563
1413
7517
9319
9256
3292
2192
6624
1986
2728
5567
6334
2229
8703
2822
905
9068
4550
6174
5765
2563
4512
4821
6406
7596
2773
9415
7214
1371
3623
5789
9268
4867
2562
5258
9787
7954
1045
8241
6487
1523
3446
2326
8968
9104
9121
9044
4047
9371
9814
9855
8332
1134
4249
5871
9847
6562
917
3596
6141
7616
9754
2445
8052
409
2010
8688
9238
1332
824
1183
4825
5235
7799
1001
2884
3856
5240
6859
5450
3747
9110
698
8955
9535
3955
8938
7945
7251
2407
6116
2741
2481
1062
1297
4638
6977
6230
1954
1721
5138
274
4679
4491
3979
6537
8213
8779
2109
8140
8605
2453
4113
1233
8596
3866
7883
3884
7651
3859
207
6048
6505
5924
6477
7863
4024
2491
8179
3969
9124
4385
3893
5541
5775
5247
9143
4033
3927
5441
731
425
8639
8531
7384
3470
9378
1866
1190
4830
7067
1158
5543
8446
4838
8432
6208
1237
1652
9994
3958
9237
1209
2299
4339
6220
9313
2329
4543
7931
1734
6569
2922
9942
7363
4035
2819
8427
7170
3726
5170
6682
7398
7638
4688
4448
9965
9245
7453
490
3047
4198
4984
3914
9225
4115
2370
1995
6957
5041
2205
8219
3176
6383
645
4451
4644
1611
5712
2915
332
8051
8434
2936
3790
3254
3749
348
8017
4653
8896
3510
3988
8119
8047
1781
6846
4150
4445
2836
9341
5490
5237
8558
7937
2208
9503
7904
8986
4923
8366
5568
935
9528
2943
2731
8341
8881
956
3839
583
4379
5225
6538
2789
8683
6311
7264
5081
9265
2607
8430
6525
8315
946
8733
8918
5930
6111
5973
7800
9407
286
8015
168
1118
985
8928
5175
3707
9596
8790
8630
655
3340
2937
4699
7049
6966
8517
7243
7807
3951
3464
4630
2617
8346
6879
5556
2313
4090
3183
4418
9691
5384
2204
5421
6610
7857
3984
8689
2716
8060
7159
7768
1283
8387
5691
9927
8810
5453
8259
4204
9923
8700
1727
4766
9248
3601
2150
2001
1696
7746
2856
7393
9958
5042
1649
982
6176
1184
4949
6443
9261
4258
5271
8331
4996
8372
2041
826
3031
8685
1875
3295
6053
4333
8991
3776
6945
7422
999
9469
4288
1418
6026
21
1872
2484
3546
9201
6869
4475
660
9591
1498
6660
4523
9732
749
8820
5844
635
7833
5756
8217
8165
5831
3036
6906
4172
4265
6830
1828
5682
1493
4986
4703
2164
7440
8665
3977
4162
8570
2754
7417
3139
1218
9651
434
725
2144
5120
6011
7352
9254
3362
6413
7478
8761
3935
1976
3386
3349
8174
6773
9214
5799
8877
4844
2926
9142
9141
7724
8
8186
5499
6872
8328
4338
5379
8628
4594
6275
3440
9205
5768
7787
3740
3816
1174
14
1996
2355
460
8744
763
3663
1195
4323
3974
9067
9436
1160
6972
9756
1653
521
8055
3645
6787
9548
2948
560
4309
6590
9311
5898
8102
1481
4672
9408
2993
5987
6932
181
2345
5659
1672
151
8393
7914
648
8453
7603
378
9819
4163
4057
3151
5628
2548
8081
8722
569
3973
3064
1485
7590
2681
6798
3164
7
1883
515
3121
1505
6066
371
7809
7766
5786
5753
4730
6763
730
8006
5449
5722
549
8121
1632
4088
8312
9783
2809
3678
6924
6985
2377
5431
606
4848
5292
1701
5114
5168
8624
9387
3480
5574
7878
5613
3691
4031
4241
3994
1931
4192
3363
8107
4447
7103
9186
6377
8130
5497
28
4696
6270
4292
120
9336
3520
3879
4065
1151
3562
8314
3261
6449
7328
9576
4100
6354
191
5875
6928
5161
9242
3552
2428
9557
1197
1975
5597
8806
4196
4216
6519
3506
7289
8143
7734
7555
5321
4864
8025
435
3450
1644
9895
1909
2767
9089
9766
4099
2332
6874
8711
9429
8478
9943
9207
6318
6057
2733
372
3629
179
3676
2799
4904
3873
697
3159
593
1879
3483
8817
6127
2253
3931
8069
8090
1251
8867
3416
6775
3404
7421
8675
8177
9220
5783
9147
8619
1124
1908
6511
2775
6756
4775
7791
9944
3759
1689
7837
8044
8569
1534
1035
2480
5207
4215
6370
3119
1226
3758
7371
1915
863
5418
4663
4199
8438
4722
9492
2287
8895
2894
2069
1567
6639
4740
3826
2310
7907
6705
8166
676
5522
8454
9860
3083
2306
497
5706
526
1592
3786
5462
4747
7253
1627
3896
2917
1420
6761
388
3220
5915
7736
9628
4137
8338
2032
8593
3343
158
993
5782
6106
702
7997
8172
7303
2555
2734
6636
1129
1094
5437
3599
3407
3391
574
8984
5107
7817
5083
3307
9593
443
2099
9097
6793
895
3672
6177
4188
6400
1414
8929
1858
4371
3558
3882
483
9824
5618
6527
496
6963
7790
6896
3519
7962
2517
4386
9857
7412
188
9794
4987
1082
9306
2389
1955
7644
1680
6352
1319
8007
5870
5184
8347
4428
8489
195
8572
4042
3469
1410
448
3170
9532
2855
2544
2012
6942
4626
3765
651
8265
9848
9182
4450
6090
6608
1380
1565
8947
8263
3806
9420
8935
2602
2361
4226
9282
4251
1041
1451
3243
4814
9216
133
836
7947
7097
9213
3847
7834
9952
2158
5411
8176
796
1165
9898
2084
5167
9739
6110
8479
3946
1061
2085
6670
4894
4811
5865
6288
43
7244
6215
4483
4714
6440
7525
646
9355
2956
6923
6539
9009
7064
7387
2704
3569
3144
4139
6774
9566
5423
8124
5196
675
8031
8339
9472
7751
6735
2430
8096
9494
6338
7544
7534
157
7077
5113
9054
3921
1047
6731
3313
3097
7541
2910
8320
5409
8799
7770
127
5326
6992
480
7429
3843
7194
1440
5366
7415
3448
6574
2863
7852
5557
5295
1162
7202
4248
3251
657
9359
5151
4930
5963
1998
1286
3919
2870
5353
4397
8280
7312
5332
642
1077
1285
9755
5350
1595
7061
6857
705
6417
9128
5773
341
2273
9797
8274
3266
7504
6070
764
5503
180
2386
4194
2832
7286
6504
6217
9388
5386
1000
7757
9865
109
1301
5668
4588
8654
5822
1559
6047
4800
5764
5836
2852
8983
840
9165
7811
3997
9117
5679
6689
3466
1130
3223
7306
4261
3377
8859
1754
4369
5019
9163
5479
6082
8505
6580
7547
3533
2608
9633
5849
4843
9599
3497
3436
8325
5792
278
1535
8923
8253
3396
1819
750
8150
2308
2841
2006
2489
4544
89
5730
1516
7900
495
2415
9356
4840
5708
8973
1483
8054
1003
345
5641
782
2374
4927
2335
2918
5571
6038
184
7649
5909
1684
4191
9721
4601
8329
4270
5687
2738
9497
5311
4788
45
7386
404
1919
9916
4159
7895
5052
9267
5609
6018
1540
3383
8522
2549
4123
2007
6189
6758
1254
2547
1406
1292
7599
1741
4023
9106
2507
7505
6555
3429
8485
377
4829
3976
4721
7562
5985
9776
7932
8402
2031
131
5605
9614
5807
7672
2143
6547
7423
527
424
1267
1347
2003
1582
4132
3834
445
1743
6678
3630
67
5727
1328
8203
2965
2762
3904
6605
596
7531
4154
9449
9525
4635
8825
7901
9924
1642
9098
1764
9155
1728
375
141
9038
7487
3501
4782
9294
6173
7781
3165
1865
3150
8092
7687
1777
1528
1083
32
7691
1180
7090
5059
266
6865
3013
8418
798
8021
5700
8094
4791
1577
5890
1643
4392
7448
955
4676
6712
8739
1372
6382
2992
8234
3277
1369
7828
8748
3561
4736
7792
5975
9210
3118
9675
9109
1417
9181
1878
5731
7552
1948
3359
18
7879
2718
4054
1175
8555
4124
639
271
4005
8141
5226
9035
8276
9821
1363
8088
6976
4020
8949
4336
7870
2261
713
9715
3782
5745
584
7823
6495
4585
5087
252
9849
4839
5988
7408
2692
9103
5904
8892
2275
5526
6091
433
2751
8756
7486
5949
1044
2125
6200
7723
9390
9730
7211
6118
4784
5627
3360
6207
5252
4307
9331
3134
6396
4221
4884
5065
7006
4435
9445
5370
1282
1717
2211
3256
5917
5047
2304
1829
1229
4639
8897
4328
408
5459
3948
1330
8961
2167
5699
6452
5729
119
2059
6754
5124
5139
8459
4144
3066
5165
7003
7601
5309
5278
7104
6883
654
6949
3674
9789
284
6064
8058
7354
8708
3006
321
8480
2482
958
7114
5092
6720
6875
8416
3191
8778
218
7245
3967
9468
7073
3207
3018
8925
7765
3007
2903
918
9653
2078
2441
6752
514
3268
5077
9552
5723
9499
4581
7885
5575
7230
241
9244
4298
1248
476
5143
4029
6297
3086
3509
3370
1050
2243
8099
7268
8303
310
6464
7447
1260
6075
5229
2624
3196
5307
5800
7810
7076
9082
5581
2291
3992
965
6750
8978
1575
4607
2853
3553
5588
1321
7700
7444
687
7637
4822
4765
9652
2834
3514
211
2131
4693
1473
1058
2195
4846
3578
5873
2427
3001
6573
752
4892
9520
352
6166
2226
3374
4625
6939
7933
4117
6645
4768
9816
5239
552
546
8989
5257
3421
2375
6821
8724
8924
7113
2717
7780
3788
5012
7257
5673
2324
1313
6581
202
9945
9345
178
5734
1708
8606
3637
7248
7536
6194
1137
2588
5181
4234
2570
8856
9152
233
3682
5931
6062
9478
8871
3852
122
2089
3458
9618
9550
1899
4213
4658
8626
7606
3039
364
8719
4504
7150
5361
4340
8404
2750
5976
6524
5920
8056
4310
2590
8979
7378
9459
2151
7368
4446
9906
2424
3542
1583
246
6368
4236
5979
55
3840
932
7537
2550
6362
7406
354
8010
1978
6634
4478
8792
6418
7966
6777
7469
1780
9839
9348
6142
4388
2582
8838
9490
7326
8490
2933
3049
4018
339
563
1008
609
3537
6520
4893
6128
8621
4289
4862
3329
734
7875
5078
2985
3916
5195
5856
3187
296
3860
5034
2286
5101
6521
6819
3559
299
4119
228
2954
6550
7065
1685
4697
9668
3754
5298
5048
9460
9665
9874
3647
4438
7887
8804
4102
8521
1152
7120
8118
8340
2814
9989
2042
5667
3122
1208
6952
6679
4229
4925
9259
282
7081
1656
6851
3814
2953
2142
8873
3880
6470
2442
3245
889
7002
816
5362
6615
2455
5505
8258
5430
9295
7858
8686
9395
7196
1059
4227
4461
5351
3592
6732
7585
7261
8942
5316
232
4652
3711
4094
7479
3202
5913
9257
7805
4671
6797
1464
8072
8410
2559
7156
2293
1930
9556
9096
2046
5977
4590
8493
6374
8365
7125
7013
4294
9751
3248
2921
879
9747
5713
7582
5324
327
1122
4691
7275
2609
5868
9203
3476
7642
3189
6148
961
285
6699
7273
3052
2698
6659
762
3697
693
6088
4958
115
9762
9748
5244
9059
1801
1861
2062
8309
7414
2685
6431
5724
6286
3145
2696
6247
4048
3249
2713
2529
8064
7533
742
6361
4296
2994
857
558
2661
9817
9190
5408
1027
1735
9246
5473
8509
7654
3539
6941
1387
2540
4302
1695
5014
6958
9526
6867
7778
2049
9150
4458
7976
5382
2381
692
5131
4108
3733
9111
3809
194
9735
2232
8789
2707
7462
4781
5650
488
7826
1552
9731
8283
8656
1831
4538
6320
5788
9157
3894
9498
7482
9483
756
7404
5420
8803
9401
3493
39
2748
1892
4190
909
9769
9397
6237
7134
1502
6411
9309
6544
6231
4858
9406
8267
7123
4744
2770
7484
4875
9194
8345
977
1843
4826
9879
4211
9780
9966
6591
5990
8567
6514
8323
4389
6878
449
9658
3104
1893
971
5590
9719
9353
8362
7148
9496
1163
2957
7342
5317
3124
5249
1509
5643
5223
3603
9631
7775
7183
2639
9986
3869
8117
8413
5638
3970
7847
1478
7290
8077
9920
2066
3499
8888
4599
9922
9028
351
7192
8275
8646
4259
4467
7119
5886
313
9654
8029
3727
9840
1016
7144
4129
4052
865
1775
4505
8504
3903
6236
4989
5655
6242
3590
6444
8529
4304
9540
7224
6686
6233
4171
9423
3925
7173
6776
5853
4640
3078
7762
1840
9312
9547
7337
5204
234
7755
5790
8185
8235
885
6125
268
7000
7149
3136
2075
5774
3588
5117
681
9695
9217
5392
3219
3025
5327
6824
6954
9148
8958
4357
8192
5827
1709
7836
2914
8497
4272
4473
8279
8693
4459
7060
2513
9177
6023
4580
1427
9232
9850
9699
5982
8976
1357
5046
5953
48
1243
4642
715
9845
5714
3774
5595
383
6086
4707
4749
714
6742
7896
7501
913
57
3524
3057
6043
7338
3255
7185
4514
637
2289
2719
5961
6478
4097
8851
3792
4734
5742
9022
2485
8977
3712
2118
7816
9058
5640
1399
543
9322
6749
2949
518
8463
1827
2794
6181
5957
3293
5739
7040
4315
6483
5318
6234
2995
4945
1450
5106
7709
4468
2818
4708
5551
6959
5903
7735
4442
6828
3285
5427
3235
4281
3606
9253
669
8717
9581
6863
6185
1936
5489
3932
4479
8251
7759
9595
8445
1851
7070
4489
4462
9383
3051
6349
5417
421
7218
1025
7551
7129
8608
2803
6982
9890
3053
9491
7334
9363
8247
4725
8557
5772
4801
1095
8093
7128
5484
8024
673
9050
7229
748
2711
765
6212
499
6626
1862
1847
7984
8041
2793
6365
1103
2815
6371
823
7124
6078
4956
2904
4209
3872
5791
3686
7891
5808
2422
163
2998
8747
7143
7705
487
2102
1187
9179
2743
599
8723
8292
9705
1596
5972
3548
4810
9639
5144
862
2831
5737
9998
1925
2351
1968
4548
7165
6545
689
7737
9825
5477
1950
8594
8738
7978
1447
8151
4138
2504
3787
146
7221
9899
9332
1501
9031
4756
904
8510
2350
144
8079
3750
3717
3823
9664
6506
2659
1053
8468
7973
2604
6369
9694
8735
9398
6046
6788
9750
5373
4244
2172
7965
3720
4069
2122
3280
9030
5127
7943
2801
1932
6600
245
9310
2606
4895
7843
114
3356
3457
1336
6074
5049
9366
8573
9995
6970
405
2471
187
5532
7256
2927
4134
6517
4695
491
7546
9235
5826
8728
7794
2357
9079
6280
6213
2628
8464
5283
3250
2009
4786
783
8737
3328
2561
6039
8316
8425
1580
9002
7827
3959
2047
4968
6833
5583
4604
579
2179
8533
8370
3336
3828
6002
5674
3408
6915
5815
6098
5591
9453
394
7083
5401
2438
739
2676
7796
2440
6714
594
6800
4865
7031
3549
8367
1204
5000
7999
2766
3414
2221
6962
7681
4480
938
7793
8426
7812
5647
9105
5810
8833
2652
8847
9441
1244
3330
9003
9815
3652
4412
8666
7839
4439
568
3424
4713
949
6802
5227
2986
9951
7958
5637
9305
2619
4207
5675
7309
6108
8912
2930
8540
4228
3752
5444
539
9384
6921
9878
479
6884
5212
1482
7267
9027
1448
9903
2577
7164
2238
3041
236
2017
9500
6762
8669
5843
8551
6036
6796
117
2315
6780
9404
4952
1466
9818
1359
8156
6501
5951
1857
6245
2896
1293
1415
8900
4274
1852
6768
6267
8424
1977
2514
1622
9339
3667
8673
4824
2132
2631
8488
4547
1346
8421
8770
7955
7174
4988
4680
1273
5156
9380
1327
1503
3026
1166
7648
9659
662
6096
1657
9871
7631
7311
3257
4266
5869
9969
4430
9093
4598
892
7451
5471
4022
6601
3269
2124
5958
2625
8796
8727
7259
7190
1677
1271
7204
7071
4946
9681
3054
3490
100
2695
1924
5407
5707
3175
344
1131
3473
1288
8311
1693
3989
8285
3683
818
1779
9234
6294
9221
1257
5436
7996
9912
1606
2214
2159
5744
8787
7373
7082
5721
8883
4084
4595
6404
3305
7753
4444
3530
6710
3381
3654
5132
6265
723
9601
9465
5589
7443
8232
317
353
9933
7530
2254
6933
916
2352
1974
8591
7783
4322
9852
7988
3636
1012
1105
8030
5435
9893
8182
4991
8146
842
1154
1099
8587
3593
9430
4440
8862
3161
5612
6825
1809
4621
6388
6543
6300
25
3745
2189
7028
4564
8002
2649
719
121
1071
3193
8131
5152
4934
9060
1034
1906
4727
9572
942
8144
8327
6983
7446
5704
2024
5482
7884
4291
6024
2300
2071
7427
1753
3842
8514
6380
4596
9108
262
302
2642
6831
631
7703
6925
9010
8403
8195
1668
6930
7179
6472
2373
8707
4868
7548
7213
1916
6973
9584
7873
4579
5796
4086
8288
7861
815
7756
173
6282
940
9882
1514
3467
1984
9130
980
5472
6702
258
2974
9693
8477
5230
8864
6117
2283
3632
7556
5945
2100
9476
8535
8709
532
6701
7012
9437
3983
4616
4852
1364
644
8763
1667
4275
6703
1979
1905
2264
7867
7476
5763
6704
1929
5585
1171
4427
688
8355
2758
967
9832
7598
5342
5938
6490
9428
110
3936
287
1537
3271
6467
2701
3101
7238
6498
239
453
959
7717
7750
3160
2796
8466
2864
3100
7561
7136
8526
6805
7874
139
4039
3484
4820
2223
5245
4303
4936
7701
3009
9170
1170
3125
2087
1223
5416
9475
6897
3854
3803
2508
8844
2664
1168
1080
1683
2786
3351
3222
2840
6009
4011
331
899
60
2434
8837
9560
1935
4181
5883
8456
5058
6801
9452
9018
7288
1253
9229
9726
9361
3832
9512
417
205
1736
6201
5629
2932
2083
7026
1002
3586
7247
8043
2343
7889
3881
5467
1612
1711
8220
3646
1610
4583
4410
9931
7472
7047
5438
5971
9241
4
4247
5989
1732
825
9318
8282
5266
197
2686
6054
4812
5205
3679
3675
6912
1733
6223
2472
3172
9632
5365
5549
2820
4549
1824
5095
324
8239
1086
2694
366
4973
1322
4238
6471
3300
7043
4481
9773
4785
1886
1725
608
2552
9505
1758
8286
4058
7492
5689
2572
9303
3572
6692
1323
9212
8601
5935
6424
6317
3024
3595
4184
9477
3910
4962
2269
8287
6708
3449
2191
2962
8298
894
9661
3190
920
5858
307
8358
9541
4279
8469
346
7428
5001
7944
9208
1384
7926
8494
6335
9270
8853
6156
9711
6817
2063
1307
9316
2448
6603
5465
4273
2184
7708
2446
1401
1762
6441
363
6755
5395
183
2630
7189
6655
2690
5363
9174
9710
1335
3281
500
4436
3287
7027
2392
6604
140
7618
165
8415
3378
5916
5974
1360
6779
489
1432
7052
3693
6006
116
1214
4006
9043
8552
869
813
4944
6852
8690
5251
3905
5702
6822
8543
5757
6769
6971
6995
797
7939
1839
9321
3597
7543
4684
7390
2657
9985
2567
5758
1462
329
6955
5993
99
6307
1765
3185
6428
8603
9176
5022
4643
8333
9753
1673
2952
3279
4311
4919
6918
7426
7308
9352
4683
3127
7989
8379
8389
8027
1091
8384
8380
1846
7292
7122
7320
1566
9
5805
8893
8297
5578
5580
8695
279
2721
6206
4396
107
3764
9099
565
2849
8776
1676
5750
1880
68
2101
3085
7351
3463
3289
6922
7255
1661
1799
5293
3739
1201
8538
7092
4990
6706
5154
5355
137
9215
7667
6556
5918
3390
2260
1497
7640
4613
208
4871
3431
6308
8306
7020
8755
2710
8660
4794
9917
8615
6937
1043
6405
2449
9537
3204
8256
1542
5424
628
9771
3324
5652
1167
2622
4567
4062
7948
3688
2133
8496
8224
7662
9463
4855
4308
9844
1613
4950
1054
535
8357
6890
2587
7365
66
6067
1646
3513
5825
9877
8004
5601
471
6263
2897
6385
1716
7280
350
5024
162
1026
5404
3412
2022
2276
3173
4495
8901
9162
3229
5403
7742
230
2406
7535
4158
3902
494
9362
1402
9168
5934
4509
9740
3474
2670
805
2999
2703
6849
6153
5994
962
6175
5780
1161
59
6092
6421
4751
9324
3895
4262
1365
2772
5646
2250
6337
6989
7960
7410
6147
1128
2067
1581
6351
9623
244
7075
9613
8813
2405
8202
3113
1621
2149
6803
8902
7438
3835
7542
828
1457
7456
3283
6665
8472
8916
7970
4891
8291
7254
3442
1773
2810
3703
6806
8914
8525
3954
4806
2560
766
2568
8223
6607
1604
5978
7509
9785
3801
2641
1982
7048
4905
6482
7738
9854
8528
1386
8930
7467
9020
3565
4622
3037
9741
4484
7722
4851
1543
407
5516
186
4577
5045
9230
5160
4490
3012
6631
5606
9424
8575
7941
6130
5823
777
5527
5816
1568
8757
2543
4955
3909
2506
2207
6479
1011
7360
4726
3942
3915
9805
4808
4101
5676
6379
619
4685
7877
7001
9964
2573
3923
7894
621
1599
7195
1132
5443
8638
9418
9688
7383
3441
4870
2634
7892
1682
650
9158
3677
3975
2239
2107
8076
4343
624
4276
5429
9438
8598
4105
9979
8590
6620
2325
9112
4963
465
1038
5735
8154
8617
6508
8556
9742
2598
2285
1635
4571
827
5280
38
9983
5164
5367
1778
3069
1664
5842
4874
3953
928
2170
8671
1793
429
6240
9019
3413
3478
7819
41
1518
4269
4982
7560
86
5981
8539
6552
6183
5303
1263
3912
7105
3862
8927
7729
5907
2094
801
384
8086
9592
395
8087
3993
819
9939
2817
2527
7625
3753
5896
6279
781
8163
6324
3491
7665
5364
8931
5969
7272
4678
1268
1205
3475
3410
5060
135
9546
481
4647
5192
4168
9963
6671
9947
6583
6052
9308
6029
7249
4268
5357
711
5219
2907
541
8647
545
2303
4471
5767
9907
3708
6633
6496
5717
897
2492
2984
9251
2747
1704
9836
5859
7231
1475
2281
3020
6276
5559
6816
4660
5393
2237
7374
3373
6536
1959
2861
6606
3756
2444
6854
5071
4367
1521
1776
2525
1459
2662
9841
5284
2847
8589
3541
6001
1647
9434
7362
4661
1633
2212
1812
4664
6881
9442
3415
6693
8920
2176
9279
7162
6224
4906
1245
6978
6008
1722
2760
63
335
9624
3482
9325
7262
49
6629
8662
9529
3737
8824
2358
1842
9032
7595
2000
9039
9139
5290
2016
9758
367
5838
5665
5599
2790
4614
6931
9269
6160
8455
6341
9676
2141
2883
5129
3775
160
5282
9913
8554
5617
821
7719
1856
501
5105
467
138
84
2581
5809
6350
3770
254
5553
7913
1084
7803
8999
8184
9056
6186
1922
602
3142
2120
7461
9115
9046
3898
5995
1181
9133
1849
5701
7498
9842
2576
3401
741
8210
7814
4732
1958
6950
9368
9648
854
5538
5099
290
1230
9013
4503
1539
2925
3523
738
2715
8270
9301
1329
6123
7355
6415
2363
8653
198
1312
2394
8860
4900
2893
6460
5391
4250
8063
4896
1808
838
7480
4318
1788
220
7491
1320
3366
7957
670
5200
6061
873
8495
3598
7832
6291
2055
1287
325
9568
5512
3897
9908
5587
7898
7341
6866
6757
294
2395
3114
6381
1531
9166
3718
9897
7752
5232
1921
6595
4300
1234
6266
740
9206
9680
591
8330
1135
871
482
8360
85
1017
2805
6676
4519
5577
8917
4717
9993
528
9317
4040
3619
6546
6458
2828
5463
9902
4406
4802
6114
5847
1216
6987
4947
7876
79
8112
1441
1990
6947
5942
9992
1515
7348
6336
4770
2065
5718
8271
3766
9381
6493
8905
4079
4049
3857
3461
8937
5301
5649
8741
7568
9169
3702
7918
5254
1914
6666
4702
2110
6164
8704
1710
2474
4008
235
3639
4600
8423
2829
6363
1339
7181
200
9799
2496
3543
3128
5228
2623
1888
6126
8142
883
4508
124
2462
276
5037
3685
7499
852
176
7772
3455
8401
3633
907
2113
1835
1980
27
3278
5711
6356
8260
6599
1096
9984
1527
391
3568
611
6306
2924
101
933
9123
9292
1382
2301
1136
5163
5622
7710
4316
9656
1010
7899
6339
5912
6453
4687
2091
6360
8255
4431
5180
2340
3105
4612
9757
3871
4246
2842
6273
4589
7950
5179
7291
385
3050
4283
9876
2073
9314
154
9134
5329
7299
2633
2018
570
8230
8083
8904
3342
5653
1052
88
2683
9376
7050
7845
3952
5841
9521
7577
2931
7985
7508
6818
5615
8460
6654
7749
8301
7661
3400
3206
8964
454
374
8635
1489
5914
529
3072
5369
7111
9061
5066
572
9930
472
8775
3573
7481
7557
3818
6131
2765
1172
2098
3781
2070
5111
2934
2054
7298
7773
3748
3705
1315
4911
7702
304
4719
6588
4280
7085
1310
298
629
703
592
807
2268
2983
5126
1042
7600
8636
330
5145
7397
9531
9426
5828
5279
3320
5009
9883
4161
5394
7678
3044
1488
9209
1870
7191
2651
1674
3738
4131
3844
8607
1215
1338
6864
2298
3517
1530
4060
3660
3115
1456
4237
3710
1089
2528
4737
8377
5803
2519
8839
9734
914
643
8106
9218
6445
4645
4869
379
1039
6272
9642
1601
2901
8878
8078
3651
9008
1752
6241
3240
9617
3626
7147
2729
223
2961
1572
4752
1405
4641
4380
8103
7929
6196
5671
8894
6658
1198
5166
1398
4876
2105
7399
1803
5839
9718
9417
626
4716
4095
5
2431
6209
2468
5762
8037
7550
9342
839
4559
775
9634
8777
9788
3062
9700
4798
1634
3325
3265
6885
1177
2725
5861
9987
3687
8969
1449
4573
5234
1681
8318
8392
8136
3892
9193
7952
6653
22
6172
6243
7683
7477
5337
2039
8818
7868
4796
8501
6384
7629
1412
8858
612
1506
1815
1761
4384
6345
5508
6072
9385
8062
717
5112
8697
2752
3258
5221
9280
3246
588
9802
5312
5360
5331
1351
9100
305
2277
7940
3106
7763
9029
9953
1898
8992
3341
5358
6512
189
8351
5118
4711
75
7234
8487
457
5025
6856
6522
8721
418
4890
8576
4624
2632
2611
82
513
2166
1429
3800
2169
8997
4545
6647
5274
4416
9674
7829
3427
7566
7434
2461
2891
8836
2247
7983
877
3003
1871
8507
1281
9518
7485
2076
7496
2533
273
1991
8429
6513
8399
590
1081
9578
9523
64
1428
656
3372
6293
7024
5486
7633
7727
410
2923
2249
5672
8550
5328
2414
9425
6169
9414
8582
2808
6526
1994
2546
7733
986
8800
8225
8082
7315
9803
5006
7532
2866
7175
2846
1468
3157
6792
3918
3126
2403
7207
320
7912
2535
7158
4662
5330
7538
3398
2412
2097
6836
1463
7115
6953
8014
4498
9484
8252
7420
802
2215
5703
5564
6331
2305
2730
4118
9729
4704
6232
3345
5213
3610
3498
9074
1511
2969
2334
4715
8773
761
3669
9510
9048
5140
4426
4965
8109
8752
8508
3949
2319
6184
4780
7135
3878
3557
9338
8668
1157
1470
2057
5177
6083
7840
2092
7380
229
182
7121
8985
6652
1972
6515
333
7350
4809
2784
966
7324
1854
974
5487
9410
7034
8356
3943
9075
5919
3111
5015
3110
8242
1454
6442
5194
5002
1433
9064
6794
7865
5491
564
5147
8127
382
5053
4089
771
7982
3242
7645
4476
5777
3773
2971
9530
1833
9806
8549
277
263
7725
2483
7240
550
386
1355
3339
8209
2033
508
8191
3071
5771
9663
5623
5008
1561
5426
2638
2257
2881
8519
2990
9289
9558
4591
1239
1324
4882
6259
6109
1999
1453
4356
2108
1602
9713
3544
5115
6205
7142
6256
3640
8561
7506
6398
1944
9495
9835
2333
2323
4419
6041
5660
6309
9327
6079
8199
4853
1548
4253
937
7774
2699
7670
973
2037
1659
1546
1519
5291
9178
9049
9198
9707
2645
1791
4880
171
4201
8028
1641
3858
1153
2735
1826
2307
1608
7685
6630
5855
755
7707
682
7866
5999
502
3163
7846
9686
8196
4530
6535
4346
6837
1060
9516
5940
5749
5211
6058
2783
2267
3048
7209
8363
8725
9880
8831
5315
3644
1694
8012
2044
1211
1146
6235
4831
4452
6283
8115
9744
6119
7890
3059
3299
5593
5728
8699
3116
3808
4136
8906
9131
8308
7236
2443
5926
1109
6330
1378
6159
8691
4856
3276
102
3656
7409
6264
5960
9610
4970
5036
203
1150
9786
934
2193
6433
4978
814
9770
2865
5085
1261
6741
7634
7880
3067
1784
7813
5947
6632
3095
7704
8563
4709
438
8376
2706
8909
3934
5835
7605
3027
6611
6063
566
1787
4738
7225
4295
2919
7367
4485
5962
2045
988
7573
1962
3236
8726
6681
7074
1654
342
2146
6434
3109
1461
710
9919
159
4566
1476
8353
1953
699
7358
2505
2297
954
2416
3221
8842
6901
3296
7580
9277
9349
8391
1513
2745
8932
504
4233
3426
551
2095
1970
96
6567
9127
1306
5954
8944
3260
9975
3030
1918
1971
4563
9085
95
5455
9222
8382
1945
1343
7430
2134
4511
6457
8293
3014
7314
1810
890
3355
6312
9779
672
9929
9885
4121
2180
5944
4556
3058
3008
9386
6244
8123
3310
1376
8022
6021
3503
8246
3870
6469
4128
5509
3445
3575
3376
5837
6301
9678
2393
5483
3002
4001
8819
9431
7011
2368
3900
1265
1102
627
2088
5197
3068
4091
4358
9859
6423
9457
6903
94
76
4321
2867
4741
5523
1423
7228
6168
4085
8122
4608
5056
9600
4153
5517
9888
5632
3504
3875
8762
2061
2342
8452
2145
3985
1487
7779
8577
2487
4112
1392
4235
4306
6926
2678
2888
3996
356
6017
213
4654
758
3055
243
4041
9781
2068
4220
6222
8785
7602
5461
8350
5740
9823
6986
2524
6439
2798
4940
1276
4223
3525
3991
2217
2437
2028
5698
3244
4761
779
6003
4521
2004
2447
8602
512
2320
9615
8000
4045
6889
531
129
2331
2252
1272
4456
419
5752
1022
1623
9506
8941
8304
5596
7497
6251
9956
9243
53
9255
4557
8547
8981
2127
1562
601
1277
8272
2035
3428
7045
4799
9588
9829
5878
4515
7739
3551
6835
7217
754
5511
5624
3642
6448
2156
1256
7321
4413
6020
3091
3298
8026
7345
148
8814
7578
8544
3780
6786
9621
1651
4399
3824
6373
5231
6998
9997
5246
5308
2791
1079
3963
8373
9450
665
5725
2824
2346
2312
6740
5236
4160
308
4534
5396
9672
7458
9722
7307
5447
4000
4363
4637
7881
7782
1385
6850
3966
5338
3496
3972
3451
2501
1510
4488
337
9455
2360
3275
5584
1714
6728
9644
9226
5250
6744
7714
571
4166
5176
9167
1818
7220
1609
8729
613
3930
544
5759
7062
3065
1362
979
6133
6474
2757
5439
1850
2198
6990
780
664
315
8294
9140
6151
4728
9812
4562
5109
1941
506
212
4381
2684
6476
7376
3791
4835
6162
4527
5155
8344
2128
5198
744
6834
4885
4610
4807
2511
8193
2013
446
6084
8564
1541
6429
1396
9444
1110
9379
6219
8273
2470
924
8068
2476
3964
1345
1112
4667
5922
8677
5440
2802
595
1087
1545
3736
7116
1316
4772
9886
9374
8771
4742
7318
987
4494
6579
7344
9662
989
2584
773
8170
6466
396
255
3227
4524
4754
9051
9554
5666
4025
2712
5830
8835
2420
5387
8038
6617
8609
7239
6120
4750
1961
7356
3337
3785
6077
1952
250
1407
7199
1404
3174
6572
943
3825
9603
9451
1264
653
1579
709
3591
7785
7270
4976
5452
402
8899
6717
1471
3836
1173
1750
3696
5093
5565
753
9682
3209
1887
4077
6853
3532
9884
5376
2372
9863
3704
4966
2080
8869
3368
3456
9094
2982
6649
2833
5787
4219
5680
9708
7141
9760
3769
2873
8870
620
2173
6407
2153
1600
2327
2385
1196
9709
420
5377
7131
5169
3990
847
6613
167
9950
31
6353
3477
8527
3716
9982
7093
9536
9278
7925
1757
5620
7347
5123
4656
9538
5051
1028
358
3443
2967
7565
2940
7698
4842
1640
2669
4908
3868
9798
8829
4463
9549
9684
6778
2104
5715
2709
3864
5267
1280
2520
1189
6107
7579
5793
5224
3876
6343
7117
7359
3297
3453
9274
6430
4837
9864
1435
6427
5243
686
7586
2900
6203
6571
4434
5475
576
5061
6045
4857
5413
3845
1690
2258
6059
5469
7474
7084
1838
5515
1403
8657
6325
6138
4368
7366
7998
1225
9703
4114
8375
2121
172
5658
912
4092
7684
9493
8696
7316
5199
3471
4152
6713
8067
6886
9796
7127
1963
542
1393
9973
6842
3437
2433
3318
7287
4224
240
1993
8221
4390
8658
9351
2266
3662
7688
4998
6180
5063
2658
8290
62
4854
5159
7403
5610
3092
2488
20
9625
475
9792
896
2671
6838
7527
7689
9765
2753
8180
8257
1031
6253
5003
1724
2534
4762
2439
737
1584
1533
1742
4817
4565
2837
8277
7677
8471
3208
7619
7934
7760
78
9875
4909
9114
6150
4081
9646
6558
6503
6462
3628
8546
1203
2843
4007
2081
7539
3485
3312
361
7063
5397
5039
2499
6968
6648
975
8326
891
9582
1350
9524
7226
770
6908
6328
8826
2596
7025
209
712
2111
9487
3855
9702
3073
7559
8264
6698
9870
3508
5343
4157
2002
6927
900
2465
2768
4326
567
9087
8317
1156
9562
1116
6000
5733
4526
2391
652
7274
8023
5336
3944
8435
4422
1120
2034
6627
2736
5939
2493
4073
7607
6994
2115
6880
7269
7764
9940
8397
5468
1133
1804
3582
5208
1140
3133
6034
9071
915
9023
6296
4082
3435
4061
3282
9297
2672
3567
4541
7576
3887
8381
7854
6644
7161
4130
6602
8003
1078
8745
5335
3655
1213
2797
6375
5098
4167
8457
1490
8190
7439
9612
3205
994
4055
123
7219
1431
6145
7435
2655
9804
2928
7820
3550
1437
5433
2858
7761
7696
7730
8562
4376
8222
638
3938
6687
5255
9192
8412
1125
9853
3074
5716
5611
9928
2490
2906
7392
9458
3796
1688
319
2183
9433
1553
6481
1334
8849
5845
4347
8553
9697
5866
9025
5812
9583
3394
7112
4373
3405
7339
7511
2050
2366
8108
1576
3634
1416
1702
5819
6684
9577
6167
6895
1278
5906
6149
5069
7139
1068
9211
4570
4375
6887
9486
8228
4992
8975
9391
7130
3418
4746
3560
7716
2804
1751
5530
2020
2556
1747
8783
1055
8922
7330
998
2210
6262
8371
5256
1636
9831
8801
3099
7145
2656
8828
7197
1928
15
3799
1782
2575
5893
8414
1439
6907
295
7436
8808
4394
2171
6115
4460
1356
7019
5747
1645
8337
510
9288
6227
7524
3941
2811
5381
685
4632
4415
3005
7788
3574
3699
7990
1119
54
7302
1792
1460
5287
7346
3369
328
5091
7133
8743
452
3294
2199
4917
5268
8793
9590
2322
3761
926
5630
5626
5121
2551
3079
3518
9439
6694
1098
7405
1192
4120
2429
9869
704
83
9187
1951
1121
5705
5110
2902
4776
7379
2966
534
641
1409
6823
4849
8843
6715
5458
9252
5983
663
4863
1517
4574
5080
1241
5892
4845
2138
9481
4859
8033
3999
1127
2188
1199
6329
8889
7017
3217
4218
193
4332
7855
3155
1574
867
7818
6635
1149
8821
833
7991
5794
7018
3447
8913
9412
6403
674
4743
9083
7015
8640
318
1353
368
4629
3138
5833
4424
995
5732
3237
3659
300
1438
3314
3933
8802
659
6359
8447
1549
6812
4271
8125
4378
1904
4847
7979
2889
3460
7888
2225
3797
9196
8625
9375
7237
74
8882
7657
7241
5399
6447
1551
6226
3853
5848
507
6191
427
2175
978
6557
47
9258
769
8473
4718
4178
910
1004
1729
3671
8786
9357
6016
1903
6616
2426
7203
9959
3406
7215
8884
5007
2206
6722
8880
9231
221
3434
3148
248
2597
7715
9202
265
3664
3316
5937
5545
3411
9701
1446
7132
2722
9655
4659
7325
8249
7626
3668
9372
6826
880
990
6399
7099
4457
822
9749
7172
7569
6069
743
5064
2174
2060
969
436
4377
9320
9650
6278
3158
2255
7589
3077
9673
8229
7449
6870
8545
6695
2072
2365
1939
2553
7575
1090
3403
6669
2509
2876
4931
5323
7675
3399
8632
5562
2687
4004
2464
4351
9396
3038
5057
8872
8065
1598
4206
1093
5806
8730
4026
4170
5341
846
9164
7961
5097
4499
4723
4887
5054
3216
5325
1822
3527
9671
3846
6104
8206
3272
3212
3233
4954
4778
7182
3228
4345
3433
3081
1805
8988
5013
8903
7853
1373
7068
4282
5067
3571
7331
8863
4546
8443
3819
3665
9638
9120
3961
1159
9820
3917
5191
6492
270
9284
6841
2397
36
7643
2771
3906
1526
7972
5300
9034
6840
9608
4520
8299
5079
3653
4408
1477
2667
9553
4572
1907
4513
6216
4816
8032
5242
2583
7072
5445
919
8518
4633
9602
224
9126
8348
2830
3986
4284
981
7450
1832
9007
930
1650
5102
1834
1770
380
3382
4739
256
2356
8850
1844
2043
9921
7038
8622
2362
1556
557
803
7032
9298
3238
5579
6129
953
8188
3016
3288
2978
2621
7592
2635
4149
3315
4606
8866
2693
680
7059
1504
6451
4127
7935
8957
2486
1811
3821
2788
3913
5661
5178
7540
9045
1897
4104
3576
4516
4972
7089
2178
2510
1474
1965
925
3607
2877
3384
1088
7741
4665
37
5991
1964
1400
6643
7627
9329
9335
6523
7327
8035
1349
9720
4901
9736
1558
7553
8137
9191
721
4582
1341
5314
7518
9300
4335
9641
2185
2946
4525
4611
947
536
5834
5726
6770
776
9611
6594
7305
8009
8100
3531
357
8231
4492
7563
6459
2616
3317
7402
365
853
5288
9587
4533
4359
3609
3346
1065
7851
238
8650
9946
4254
3812
931
6425
2425
5677
2942
35
1629
5662
343
4646
3538
4929
2723
9364
4169
5600
5669
2708
2845
5895
2916
2898
4883
8152
5481
706
9042
4141
7975
3481
5686
4429
7260
4942
8120
4122
9382
9224
5334
1005
6638
9579
7523
8359
8236
2675
6641
2074
4395
8980
7118
6667
9016
4044
8908
2905
3890
9834
9161
1467
5644
3332
426
8852
3820
1075
7057
58
6340
4334
9696
5602
8659
3247
6348
4072
9630
2740
1853
4903
8342
9689
1235
4623
7166
2605
6553
9991
6858
8133
9467
9517
7066
9704
522
8005
1658
152
8500
6940
4500
9827
875
4813
2418
2026
7591
3734
297
6516
1760
3253
227
2359
9978
5521
2030
7490
1625
9132
4071
6178
8861
1370
1295
1671
3762
9502
1631
898
2387
4677
8769
3420
9698
69
8565
8159
2256
2950
4506
2835
215
1458
9095
1236
2868
3088
3924
2274
9346
9669
9488
6974
658
1756
2500
3922
70
8226
2857
2578
3182
416
7005
7086
16
9343
4350
9063
7271
671
2644
444
4263
50
6392
5248
478
1687
9101
6124
373
8772
3789
3241
6103
2571
3004
9609
8011
7377
7301
9036
2053
5148
3643
1395
5891
9358
1500
9037
4245
747
8155
1030
4897
2700
708
7917
8091
3331
5276
3130
8934
97
7210
6304
7676
906
3486
3713
9290
5286
4828
8875
9670
5103
7095
1867
7959
9843
9474
6022
9571
9807
9830
2339
4145
9088
2989
4860
4915
2271
2454
7693
7526
3143
3763
3621
1864
8070
4110
2850
3709
3096
7294
3152
2727
6737
1555
2090
9932
6422
283
3094
8208
498
1326
2316
4015
3129
1123
2875
9344
5540
3783
303
8281
6917
6199
832
3729
288
439
3348
8451
2702
3387
7831
175
5134
2245
3798
7611
6450
9925
4425
1298
1848
2079
7333
7282
4836
8110
7494
3117
5619
7636
6618
7909
8422
7126
1138
7216
61
130
8254
161
6799
5814
774
7106
7080
4959
7442
2871
7361
9266
9070
362
7109
700
8417
2987
3120
923
1630
7208
1896
6376
3087
1591
6322
3730
9640
2263
2378
7635
845
4586
3735
400
7927
2538
3194
1992
7740
1142
1101
1585
6661
4493
4443
2899
6899
768
4899
4787
7699
8040
3267
2103
6161
3171
6564
8629
7035
984
9421
5050
6112
9687
2369
6948
6559
80
8409
5398
7276
4075
6528
6087
3851
5084
2341
8534
3149
3627
3631
3522
6560
8595
7597
4496
1296
8655
2460
2230
7986
5264
2330
5220
6724
4502
1573
4126
5607
1868
9328
6436
5480
9021
2380
1719
4918
2968
2402
4729
8701
5320
2399
4454
4536
7051
347
8612
1697
3045
5884
7659
784
7789
2126
6221
9957
607
2826
7992
1434
9144
2251
470
8954
2367
4907
1806
2051
585
4319
7928
3908
2248
1442
81
2691
1524
8933
1422
1114
6541
473
9589
6532
136
7091
4912
4753
7042
1014
7639
1830
2816
9679
42
5693
1144
442
5171
7184
7628
1619
547
4793
1299
5720
5872
3061
6980
1354
3402
4252
1525
2666
1763
6163
3108
6028
7033
1212
525
5902
2566
412
338
8797
4147
8111
1430
6691
8998
7470
1479
3
1037
8059
7281
3326
5183
2618
1309
5076
340
7588
19
7460
3231
1232
1397
2787
1637
9149
562
2168
9892
8020
4074
6700
9533
1578
3535
589
2665
4888
4602
5285
5546
8592
5149
9482
8586
4850
6249
5888
6619
970
6709
927
6844
6910
1946
6685
6873
7468
4472
9293
5146
2627
2610
9980
2539
5900
8815
5882
5412
4002
1987
8940
1933
7223
5310
6789
1164
9900
2557
7336
5801
1797
312
6393
1882
8364
6845
530
9504
4179
8181
5389
4402
881
9620
9777
6882
4584
6960
8766
8827
8158
2432
7079
406
4686
7554
7777
4176
8951
360
3423
7593
3715
5011
9759
695
5877
9080
90
9519
7620
1073
6040
1141
2955
4059
5738
1662
9567
204
957
2262
6420
5241
2521
5795
1746
7621
5616
2744
8307
3810
5936
9223
9219
6748
5202
3768
2337
6981
5604
458
701
9725
5201
1024
4403
1774
6285
7232
9090
4605
6102
6387
8114
5692
5492
760
6979
455
9976
7767
8482
2795
6690
1289
8599
8324
9304
5203
7930
3198
9858
4142
7466
3622
4098
8822
4264
1018
145
2882
2336
1032
4372
1340
5023
4510
4420
4165
2147
8713
5033
9967
6229
9570
8437
8652
6808
4231
3779
3888
280
1557
5688
7212
5829
9006
6007
5026
4576
7310
1536
5348
520
3226
9515
2265
1186
3334
587
6179
9443
1074
1368
8809
5885
1252
2726
8541
2970
8395
3306
3302
2872
5133
6042
9891
3015
7152
6485
2155
7995
7385
7980
3829
4609
474
3940
5104
7411
281
9122
8474
1890
6646
951
2545
5474
3239
3350
3495
7669
4985
3811
9405
1881
9435
8484
5128
2311
9360
7804
5188
3344
5400
2945
7140
5493
5840
9146
3262
4815
3263
8732
8571
3700
9782
9053
8712
2302
5510
7915
3795
9136
2288
718
6290
9733
2364
6155
1520
1258
4578
4342
1956
8212
4107
5634
2052
8915
4331
5233
8857
8855
1665
2498
9594
8584
5478
8200
2421
623
6258
6542
4433
9926
1821
7711
9411
9752
7313
4003
7902
3489
8147
8475
6582
5322
1069
8995
3815
199
2116
2908
540
5563
7864
9828
6410
4700
7610
2964
4648
3833
9605
1290
8644
1923
8716
6621
1845
156
2988
6746
237
9400
6202
6497
2742
1072
1178
9233
7475
4096
1408
3180
3742
6465
7848
812
6051
4421
5970
2296
485
503
6081
3347
7375
9005
6999
5383
8470
7641
7284
24
7193
8336
1107
9606
5305
8812
422
8740
2912
786
7728
6033
9403
9015
6401
2093
745
2379
2603
3367
1715
9764
3034
2643
3965
2400
71
5552
9616
6785
4365
7784
3698
2785
5874
2494
677
4464
2536
7571
3899
9076
2636
1484
5055
7163
5018
4067
8734
1492
6784
5082
103
7967
7514
6315
3980
4030
7014
9543
2222
5182
1143
4068
8343
7396
6012
5238
1070
841
1219
4554
6060
1876
6071
8948
3224
1639
5651
447
8046
3479
2637
884
4037
4522
5100
1444
7329
3230
849
5428
5748
837
4348
3309
6996
4553
8794
3657
4617
9227
3500
8034
1390
4177
6730
4174
1274
3303
1593
8512
5294
3515
7674
8240
3232
4239
2242
1040
5889
306
5905
9999
6435
9717
4712
5495
1547
1947
8664
2951
9910
2114
5269
4771
261
9447
5150
736
6578
6005
9153
111
9402
9239
7473
4805
7039
3286
3962
6964
3169
3361
6663
9961
3743
1207
1817
9667
509
8066
3389
8702
3827
8084
6729
6158
3141
7279
6032
691
3439
9723
7322
6951
3722
6871
4087
8791
939
6295
3352
7721
2860
7167
7512
5319
8164
5096
3570
4902
4010
733
9795
9250
7503
5911
7949
5422
5948
9247
3291
6860
3186
2537
4914
7102
1836
9393
878
33
9706
2408
431
1981
5520
2129
226
7604
7096
575
2388
5781
4409
806
2542
9073
2991
3650
505
2123
8830
451
3617
2410
9240
5125
9057
1217
793
8049
8753
5434
1660
6637
6080
9461
4961
8162
911
393
2972
29
6781
9692
6437
2574
3211
4497
9340
2879
6248
466
2812
5035
3616
8692
4329
5554
1015
9974
6269
8173
7357
7838
166
4748
3802
9775
3371
8440
9228
6366
3741
2938
8187
4789
269
5694
2807
9894
2599
732
2614
3103
3724
864
7353
7938
6426
4305
8135
4618
6509
8462
4889
3528
2532
267
2885
7744
707
9649
5813
2317
6139
3581
5862
3648
1739
7510
6050
7713
7107
2689
6035
1337
4769
4866
6302
3353
185
5621
253
5984
2668
4070
355
2227
293
1305
5090
5448
3547
4103
7157
5625
6576
6585
5933
4542
2776
7692
8876
5038
5272
1036
997
8661
4692
9416
8322
901
4080
9145
2135
9092
6877
8643
8378
5488
2349
4474
3017
1300
9934
603
9990
5273
3395
6843
2436
4453
9307
6967
5539
1100
9645
1013
1085
8057
3452
2279
5846
440
3075
316
2878
9000
6743
5956
1188
6364
9534
9677
3891
2958
4064
9024
6480
6014
7666
9275
468
9914
7258
1790
4777
334
6736
1740
3184
5966
6015
7227
3956
4759
2452
9365
1
5004
3744
9072
4017
8385
484
6760
9409
7463
17
5566
661
2005
4872
5174
8754
9763
2234
4682
1614
4277
6900
6893
8698
9001
6642
6326
3807
4879
5594
6254
6
9915
2014
411
8449
8201
1771
1869
1794
4994
5943
7671
9185
3772
6820
2518
1425
3883
5881
9539
1703
7395
8436
6252
7078
5405
8868
1294
2404
3021
4819
4878
3354
5270
2295
9810
6321
1202
2935
6596
1117
8502
5570
9273
7201
2459
4592
5297
3850
437
3746
7222
5186
3321
922
3563
1638
1969
469
8891
9941
3877
7180
5817
8126
4036
8663
5374
5695
5044
7981
7419
4135
3375
6438
5380
8245
9561
9622
8369
2457
3192
856
5135
149
2203
390
1884
850
7391
9635
2160
9636
9464
5921
3813
7372
7242
4009
7516
4391
1374
8175
4056
4935
7457
3417
3203
2963
8458
1837
6988
1738
696
5997
4710
2997
6239
6753
5072
7300
9367
5696
9905
9563
6839
5654
7786
4449
9838
257
3587
8321
9470
8492
2015
8611
3861
1325
4938
6938
9737
98
7920
8305
7564
8237
4046
1767
2235
3029
553
1388
2613
5108
3692
8952
726
9107
9432
7718
9456
5498
1331
7608
3082
2615
3767
4631
9091
8781
1940
40
51
4053
2058
7483
8574
517
8116
1108
6719
7495
5136
2892
8579
5684
6909
9175
3162
3838
1314
2473
4834
902
4886
9440
5603
216
4398
6898
1200
1465
8398
1825
2272
4187
9981
6656
7969
5598
7953
1389
6829
9047
3168
9887
3179
8811
1224
2
1748
3210
3215
3218
5535
5172
1720
4050
4482
4701
8101
2344
5187
8982
4561
2516
636
7771
1973
7030
6187
9399
3392
2825
5043
5524
6782
9889
6961
5289
3830
6299
3201
2259
4411
8450
4593
8113
4344
5631
3022
1246
398
2152
8907
1816
1066
6628
8670
6657
9868
2554
4043
6397
9171
6408
6218
7731
9544
5561
1798
6255
1564
4021
5402
578
1104
7613
5153
2233
9866
8633
759
6518
6391
105
1699
5525
91
1436
7431
9637
9183
2328
9446
1885
4773
3270
5582
5968
9522
4568
1147
6913
964
8016
2929
735
5302
7056
9647
7283
450
3465
3589
3690
251
9935
5741
1067
9069
6455
1249
7459
4477
7745
936
9462
2780
1191
6688
7732
9988
9580
5529
1262
6346
2851
6672
5592
1705
9598
3364
6892
617
3487
2021
9683
4267
2592
8013
1049
8073
9564
2680
6135
5333
6314
2270
1795
7964
6292
5542
8095
5346
5378
3554
9968
4083
7747
6589
1590
4674
6944
4355
4186
2029
8645
7044
1586
8620
9315
7862
8139
6055
7842
8972
3028
3998
8520
4257
6500
8148
2913
9413
9323
336
9180
1666
8388
678
5371
4240
8161
6592
5339
7041
9337
5683
789
9727
9489
1745
1615
7265
3502
3613
8157
8183
4569
5210
2981
2202
3035
9685
9354
5785
767
5964
7452
231
3950
4407
2236
7815
2769
9949
6344
2781
5697
6010
868
7545
7821
13
9738
6625
8750
8731
511
5016
8515
3304
8634
1311
757
4507
3385
8431
1247
3454
3019
2396
7489
4432
5642
7388
8720
7583
3516
1020
2190
8145
5189
6650
6268
2746
7332
3929
2371
4818
800
5894
4937
4327
1182
2096
7293
7897
5851
6238
5432
7694
2677
1588
3512
7869
7418
4185
4969
1193
3000
5519
2673
614
6475
4731
6284
9597
5457
6721
6510
5277
3822
9918
8406
8682
1813
6409
516
9808
5349
9263
4529
4337
5216
6997
4774
6157
6310
6718
7055
1046
8289
851
6313
56
260
2714
4975
2347
5299
9604
4013
4657
7187
2759
7658
5746
5410
1176
4575
1185
4352
7776
787
6004
5456
7974
5262
432
5442
8465
8962
4051
7023
5569
5534
5021
9118
3577
8764
5548
9861
1618
746
7455
3264
6984
2137
7100
462
7572
1769
8667
694
4974
7720
6759
4926
3089
1358
991
8965
887
6204
6675
6847
5372
7798
4755
4151
2920
3023
888
618
5446
1076
2157
2697
2580
4469
6530
4733
8676
7758
6727
5536
3751
9996
5222
9159
272
3725
9333
4823
9761
4763
1759
6463
3620
6260
3721
7029
7206
9881
2456
1902
1927
9833
5645
633
7407
2435
4353
5075
301
7277
6170
1744
1926
3723
8080
4217
4183
8542
6551
8097
6711
7921
8568
3874
201
3422
2450
6734
3468
794
3585
598
8834
6182
1594
5027
2008
8614
929
1155
9559
6146
8767
9260
4628
259
7994
8749
8302
1772
1394
8197
8751
7706
7021
1900
4016
7177
858
2838
7623
4967
2869
1691
829
6795
6347
4286
6827
9394
8153
9851
2475
1997
5173
6683
1538
359
8400
2579
9509
389
314
1238
3971
106
5514
2724
2679
7822
5261
634
5681
219
8566
6934
92
8198
8742
2911
3534
6287
2874
2890
8396
8214
4783
190
7471
2478
9791
2112
9077
9291
1569
5910
3666
4255
1942
2318
8467
4979
4501
3694
9272
4827
3214
2165
8672
5485
6623
790
5876
4735
1966
5466
4038
5158
1148
3661
1361
5710
809
6030
1064
6677
192
2194
9389
6333
3555
4361
5719
6165
8050
2663
7343
5770
668
6790
4537
9712
1317
2220
8204
1126
5636
523
6188
4760
3794
5779
4551
1841
5576
1367
5451
1266
5927
2027
605
2558
4354
8310
5635
8089
3641
5980
8248
8890
4466
6342
795
2451
5955
1891
1802
6132
2284
8774
5778
3333
8149
6894
3684
1033
3865
7655
6914
6965
8001
87
9188
7186
9527
8036
392
9116
8218
6468
3225
3995
6027
4143
6152
8189
2565
1755
7647
3889
4916
4706
3556
8368
6680
3438
586
8420
1544
3093
4423
8250
8886
6389
5130
7924
3945
5657
9872
580
5460
3728
870
7146
8846
8134
1679
2181
4881
1730
9746
7416
5784
8048
666
6214
4999
9790
5879
8911
4414
3505
9276
5531
9062
2197
791
3602
8788
950
848
4861
9955
9724
7923
5663
8990
7806
7369
4698
6614
2848
4014
8483
6548
1874
5506
1303
6355
2839
6121
2338
9948
1056
2960
5263
2591
2139
8956
8138
6855
1377
6766
311
9392
3831
2130
8807
1019
3757
6195
8536
1934
9938
1597
6274
403
9334
6257
1617
4745
2201
7919
8216
5388
2880
778
6765
5157
6367
6529
6484
9299
4374
9012
9066
7008
7304
5162
5073
7296
8448
556
1006
3564
6902
5932
4173
5031
3430
5586
2244
4634
6137
6707
7795
5656
3090
7437
7094
835
3886
4804
6025
1222
2218
2463
463
6319
1379
9026
844
2419
7178
8045
5664
4256
3545
214
4694
9551
2216
968
5614
1626
9350
5137
8649
8499
5678
9262
2353
4666
6716
8018
4285
6049
8795
6246
7046
9565
716
1494
4175
2390
8959
6993
8987
7882
9822
9172
9135
7521
1227
5074
7797
2163
6193
2959
6065
6651
9936
6549
8865
4655
4913
7036
1472
8651
6198
2064
1620
8129
1206
9471
9901
6056
1452
4797
2660
941
8684
3494
2564
7624
3178
6622
4587
6575
9287
3731
4841
8207
1957
217
3625
5824
2739
4441
1960
7088
4873
6905
7400
8215
8354
7679
2640
4225
10
2782
3507
8874
8993
8461
5832
6584
4803
7464
8168
8919
5375
2117
1783
5797
3760
7905
7176
1912
582
459
1554
8178
4757
9767
7612
1512
1877
5141
2477
8053
9480
600
3817
6499
2941
7522
2895
2040
7016
8648
6807
5864
3624
3614
2228
2909
8160
4898
1259
1106
2495
5760
7007
3338
4650
1706
7053
3901
2290
4164
3290
6848
6372
9573
1571
7686
8832
538
1424
5304
9784
3156
5029
8974
561
1675
5190
4230
8244
7871
1308
7886
8759
5020
7488
9173
5306
6093
401
5798
7515
164
2749
8681
2161
4066
8765
9125
3213
4764
3107
9793
1270
6815
7609
537
7188
3462
722
4417
2620
8578
1913
104
8039
4076
533
7650
9286
5086
3365
1967
3848
6250
6358
5005
7364
4019
108
5928
2048
4189
9937
3805
8960
9575
524
2503
9690
2411
147
7841
2526
872
9728
8128
3947
1499
2779
6211
9197
6507
7656
7108
4795
7680
2106
1445
4957
2977
3056
9909
1381
5528
6323
2777
4615
6696
2019
3010
8613
1496
9427
12
9377
381
2384
1115
5502
8768
9129
6327
4560
3459
6991
6771
4877
7171
5887
5544
1605
5089
9326
1648
7581
9017
7513
5818
7250
8966
4180
952
2240
2541
5359
728
3978
9716
5425
5142
7963
2647
6289
7335
5820
6171
8383
3252
9370
5217
4470
8071
1443
7389
8597
4297
8714
5352
2413
9714
8211
785
9657
2586
4133
649
7087
6261
7101
5908
6044
8349
6332
1786
1988
1655
7971